0.2518834889643464
0.1505287917374080
0.2585862337294850
0.1787015421618562
0.1602999434069043
249.9094611198876521
245.7811128664209264
226.7059153940670626
124.1950889972390257
115.3750220290195614
102.9634024555013809
220.4741647573778209
205.5346578668399218
176.0744109701467153
176.7800484932455731
161.9292889306744598
139.4513830471572078
81.3126654898499623
81.9501875551632821
71.2804501323918771
37.7493944261295837
48.0393361447277130
58.0136758224107325
48.0393361447277130
78.5366416964025120
105.0538663325278321
58.0136758224107325
105.0538663325278321
153.3124610586673953
210.0114615191323537
146.3311138954140915
129.7131257971741434
146.3311138954140915
120.8585948050713341
107.4729271411652007
129.7131257971741434
107.4729271411652007
99.6688127668312518
117.6896772381223855
104.8680858331354102
101.0031876855282462
104.8680858331354102
127.1853648480682750
122.2526274486808688
101.0031876855282462
122.2526274486808688
127.7237657466321252
196.2730127939321392
167.2523474341578549
129.0872085528571915
167.2523474341578549
183.1469124588984414
141.4211008152014983
129.0872085528571915
141.4211008152014983
114.2546629642129119
236.1226727715966263
206.8818036704169572
196.1441642017653066
206.8818036704169572
196.3318633805338322
183.6335639049848396
196.1441642017653066
183.6335639049848396
173.8826230983522692
