0 0 0 0.1881740029549120
0 0 1 -0.2380380909494265
0 0 2 0.0919048333431144
0 1 0 -0.2380380909494265
0 1 1 0.4537669558690925
0 1 2 -0.2208594673417114
0 2 0 0.0919048333431144
0 2 1 -0.2208594673417114
0 2 2 0.1230846052695500
1 0 0 0.0304897284446324
1 0 1 -0.0396351520150555
1 0 2 0.0030580059601576
1 1 0 -0.0396351520150555
1 1 1 0.2527112632702658
1 1 2 -0.2209158423246069
1 2 0 0.0030580059601576
1 2 1 -0.2209158423246069
1 2 2 0.2442670684925146
2 0 0 0.0320319402183886
2 0 1 -0.0258014023924666
2 0 2 -0.0006344851719340
2 1 0 -0.0258014023924666
2 1 1 0.1191158680315528
2 1 2 -0.0936098609322970
2 2 0 -0.0006344851719340
2 2 1 -0.0936098609322970
2 2 2 0.0979311595290424
3 0 0 0.0229699811809422
3 0 1 -0.0211890054239690
3 0 2 0.0002751898282465
3 1 0 -0.0211890054239690
3 1 1 0.1430031437119989
3 1 2 -0.1530653715820036
3 2 0 0.0002751898282465
3 2 1 -0.1530653715820036
3 2 2 0.1979013308730048
4 0 0 0.0673927976507526
4 0 1 0.0073463210224625
4 0 2 -0.0837791311161127
4 1 0 0.0073463210224625
4 1 1 0.4173723268732379
4 1 2 -0.4490644577623560
4 2 0 -0.0837791311161127
4 2 1 -0.4490644577623560
4 2 2 0.5745030335537175
