0 0 0 0.0753755637670774
0 0 1 -0.0762660195474255
0 0 2 -0.0023499414725495
0 1 0 -0.0762660195474255
0 1 1 0.1238341742310830
0 1 2 -0.0425394237924303
0 2 0 -0.0023499414725495
0 2 1 -0.0425394237924303
0 2 2 0.0497192952058479
1 0 0 0.0412808904980958
1 0 1 -0.0327651144083328
1 0 2 0.0037664611963753
1 1 0 -0.0327651144083328
1 1 1 0.0524346074945048
1 1 2 -0.0232961068077234
1 2 0 0.0037664611963753
1 2 1 -0.0232961068077234
1 2 2 0.0191184555279493
2 0 0 0.1446304901413476
2 0 1 -0.1265941337038357
2 0 2 0.0183573089285750
2 1 0 -0.1265941337038357
2 1 1 0.3502309087769133
2 1 2 -0.1740565291487391
2 2 0 0.0183573089285750
2 2 1 -0.1740565291487391
2 2 2 0.1142076093650559
3 0 0 0.0375205250234769
3 0 1 -0.0464387599874338
3 0 2 0.0022991630303073
3 1 0 -0.0464387599874338
3 1 1 0.0660820092632055
3 1 2 -0.0052100072888197
3 2 0 0.0022991630303073
3 2 1 -0.0052100072888197
3 2 2 0.0041411875277333
4 0 0 0.0507573851881466
4 0 1 -0.0663448485790271
4 0 2 0.0150789534138438
4 1 0 -0.0663448485790271
4 1 1 0.1063998151307176
4 1 2 -0.0402695285038161
4 2 0 0.0150789534138438
4 2 1 -0.0402695285038161
4 2 2 0.0325775433646223
