0.2105874664149299
0.1954832619272384
0.3313242804928231
0.1393508096725002
0.1232541814925084
74.2137931034482818
74.4652873563218378
67.8935632183908098
219.9102278355621536
204.1267954432887564
178.9174096087171790
249.8928988895382872
247.4231443600233717
230.4992694330800589
111.9911412193850992
108.3512245961438225
105.1478200451624048
168.0634328358208904
152.5536135113904095
137.0249410840534097
192.7073959571935120
172.5167316686474805
156.7120657946888969
172.5167316686474805
165.8782203197251874
150.0779144933276257
156.7120657946888969
150.0779144933276257
155.9252229356579846
132.8531346187228337
155.6563802249074797
163.4965480394166661
155.6563802249074797
223.9571770017428207
242.2296399901824770
163.4965480394166661
242.2296399901824770
315.2558088421283173
36.7458350213346421
42.6513244909292553
59.0957721353697707
42.6513244909292553
61.2757998149318155
86.5309198892209679
59.0957721353697707
86.5309198892209679
131.1334009858546779
227.8646079906538944
166.6904485764116544
83.2033244436861423
166.6904485764116544
138.7385485264203453
82.0007135432842915
83.2033244436861423
82.0007135432842915
298.4473172036778124
278.9584664560170495
235.0294938797778741
161.4033668558222416
235.0294938797778741
215.6791758663421206
157.8172998986774473
161.4033668558222416
157.8172998986774473
151.0683095998283534
